00000000000000
11000011110000
11111000000001
11000000000001
11100111111111
11100011111110
11110011111111
11101010101010
11000011110000
00000010100000
11000000000001
00000010100001
11000000000010
00000010100010
00000010100000
00100000100010
00011110100000
00100000100000
00010110100001
00000110100010
00000100000011
00100110100000
00001110100001
00101110100000
00101010100010
00000010100000
00000000000000
00110110100001
00110010100010
00001010100000
00111010100001
00011010100010
01000000100000
01010000100001
01100000100010
00000000000000
01110000100000
00000000000000
